digraph tree {
    "1" [label="Player.Blue 
[[0. 2. 0. 0. 0. 0. 0. 0.]
 [0. 0. 0. 0. 0. 0. 0. 0.]
 [0. 0. 0. 0. 0. 0. 0. 0.]
 [0. 0. 0. 0. 0. 0. 0. 0.]
 [0. 0. 0. 0. 0. 0. 0. 0.]
 [0. 0. 0. 0. 0. 0. 0. 0.]
 [0. 0. 0. 0. 0. 0. 0. 0.]
 [0. 4. 0. 0. 0. 0. 0. 0.]]
[<DictMoveEntry.CONTINUE_GAME: 18>]
1 = red, 4 = blue, 2 = rr, 3 = br, 5= rb, 8= bb 
 no move 
 score=0, n=0"];
    "1" -> "3e0b0b70-4c80-11ef-93c6-34cff668aa69";
    "1" -> "3e0b0b71-4c80-11ef-a22a-34cff668aa69";
    "3e0b0b70-4c80-11ef-93c6-34cff668aa69" [label="Player.Red 
[[0. 2. 0. 0. 0. 0. 0. 0.]
 [0. 0. 0. 0. 0. 0. 0. 0.]
 [0. 0. 0. 0. 0. 0. 0. 0.]
 [0. 0. 0. 0. 0. 0. 0. 0.]
 [0. 0. 0. 0. 0. 0. 0. 0.]
 [0. 0. 0. 0. 0. 0. 0. 0.]
 [0. 4. 0. 0. 0. 0. 0. 0.]
 [0. 0. 0. 0. 0. 0. 0. 0.]]
[<DictMoveEntry.CONTINUE_GAME: 18>]
1 = red, 4 = blue, 2 = rr, 3 = br, 5= rb, 8= bb 
 B1-B2 
 score=0, n=0"];
    "3e0b0b70-4c80-11ef-93c6-34cff668aa69" -> "3e0b0b72-4c80-11ef-ab82-34cff668aa69";
    "3e0b0b70-4c80-11ef-93c6-34cff668aa69" -> "3e0b0b73-4c80-11ef-ae8d-34cff668aa69";
    "3e0b0b70-4c80-11ef-93c6-34cff668aa69" -> "3e0b0b74-4c80-11ef-92d9-34cff668aa69";
    "3e0b0b71-4c80-11ef-a22a-34cff668aa69" [label="Player.Red 
[[0. 2. 0. 0. 0. 0. 0. 0.]
 [0. 0. 0. 0. 0. 0. 0. 0.]
 [0. 0. 0. 0. 0. 0. 0. 0.]
 [0. 0. 0. 0. 0. 0. 0. 0.]
 [0. 0. 0. 0. 0. 0. 0. 0.]
 [0. 0. 0. 0. 0. 0. 0. 0.]
 [0. 0. 0. 0. 0. 0. 0. 0.]
 [0. 0. 4. 0. 0. 0. 0. 0.]]
[<DictMoveEntry.CONTINUE_GAME: 18>]
1 = red, 4 = blue, 2 = rr, 3 = br, 5= rb, 8= bb 
 B1-C1 
 score=0, n=0"];
    "3e0b0b72-4c80-11ef-ab82-34cff668aa69" [label="Player.Blue 
[[0. 1. 0. 0. 0. 0. 0. 0.]
 [0. 0. 0. 0. 0. 0. 0. 0.]
 [1. 0. 0. 0. 0. 0. 0. 0.]
 [0. 0. 0. 0. 0. 0. 0. 0.]
 [0. 0. 0. 0. 0. 0. 0. 0.]
 [0. 0. 0. 0. 0. 0. 0. 0.]
 [0. 4. 0. 0. 0. 0. 0. 0.]
 [0. 0. 0. 0. 0. 0. 0. 0.]]
[<DictMoveEntry.CONTINUE_GAME: 18>]
1 = red, 4 = blue, 2 = rr, 3 = br, 5= rb, 8= bb 
 B8-A6 
 score=0, n=0"];
    "3e0b0b73-4c80-11ef-ae8d-34cff668aa69" [label="Player.Blue 
[[0. 1. 0. 0. 0. 0. 0. 0.]
 [0. 0. 0. 0. 0. 0. 0. 0.]
 [0. 0. 1. 0. 0. 0. 0. 0.]
 [0. 0. 0. 0. 0. 0. 0. 0.]
 [0. 0. 0. 0. 0. 0. 0. 0.]
 [0. 0. 0. 0. 0. 0. 0. 0.]
 [0. 4. 0. 0. 0. 0. 0. 0.]
 [0. 0. 0. 0. 0. 0. 0. 0.]]
[<DictMoveEntry.CONTINUE_GAME: 18>]
1 = red, 4 = blue, 2 = rr, 3 = br, 5= rb, 8= bb 
 B8-C6 
 score=0, n=0"];
    "3e0b0b74-4c80-11ef-92d9-34cff668aa69" [label="Player.Blue 
[[0. 1. 0. 0. 0. 0. 0. 0.]
 [0. 0. 0. 1. 0. 0. 0. 0.]
 [0. 0. 0. 0. 0. 0. 0. 0.]
 [0. 0. 0. 0. 0. 0. 0. 0.]
 [0. 0. 0. 0. 0. 0. 0. 0.]
 [0. 0. 0. 0. 0. 0. 0. 0.]
 [0. 4. 0. 0. 0. 0. 0. 0.]
 [0. 0. 0. 0. 0. 0. 0. 0.]]
[<DictMoveEntry.CONTINUE_GAME: 18>]
1 = red, 4 = blue, 2 = rr, 3 = br, 5= rb, 8= bb 
 B8-D7 
 score=0, n=0"];
}
